&include default_params.conf

[Analysis]
type={cosine|cosine:2|cosine:3}
elements={CLD-C1-III:2,z-Axis|CLD-C1-III,z-Axis|CLD-C1-III:1,z-Axis|CLD-C1-III:3,z-Axis}
nr_bins=100

[Analysis]
type={cosine|cosine:2|cosine:3}
elements={CLD-C1-III:2,totalM}
nr_bins=100

[Analysis: Q]
elements={CLD-C1-III:2}
average_frames=10

[Analysis: CLD-C1-III]
type={gr}
elements={2,1|2,3}
nr_bins=100

[Analysis: CLD-C1-III]
type={gr|gmu|cosine}
elements={2,1|2,3}
nr_bins=100

[Simulation Parameters]
FileOut=CLD-C1-III-model
steps = 240000		// total number of MC cycles
randsteps = 2000	// cycles used to break up lattice (VdW only), must be smaller than steps.
laststep = 40000	// steps used for averaging
vdwtype=4
dyneps=1
realfield=1
n2 = 1.7*1.7
NpT=1
pext=0.001
T=400
a=68.2
maxtrans=1.0
maxrot=0.12*pi
smooth_animation=1

[Element: CLD-C1-III.LOD1:1]
r0 = (4.65285, 3.51541, 1.79446)
vdw = 0.0729673
mass = 145.127
dipole = (-3.958754,2.993002,0.000559)
charges = {0.02626}
color=(0.8,0.2,0.2)

[Element: CLD-C1-III.LOD1:2]
r0 = (12.1495, 4.2896, 2.29986)
vdw = 0.24395
mass = 502.657
dipole = (-25.139687,8.480284,0.222162)
charges = {0.022763}
color=(0.2,0.2,0.8)

[Element: CLD-C1-III.LOD1:3]
r0 = (4.65253, 3.51516, 1.79433)
vdw = 0.0729672
mass = 145.127
dipole = (-2.967798,-3.338094,-0.000588)
charges = {-0.049027}
color=(0.8,0.2,0.2)

[Group: CLD-C1-III]
number = 108
rot_notrans=0
group_dipole = 1
rand_independent=0
visual_PBCs = 0 // do not break group apart at periodic boundaries
bond_range = 1
elements = CLD-C1-III.LOD1:1, CLD-C1-III.LOD1:2, CLD-C1-III.LOD1:3
connectivity = {2|3|}

position.1 = (-0.091767,0.067215,0.000002)
position.2 = (3.686821+10.275976,-1.950239-8.780120,-0.441206+0.0001107)
position.3 = (2.920503+10.275976+8.277735,2.938452-8.780120+3.519053,12.508574+0.0001107+10.094945)
rotation.1 = (-0.022264,-0.999752,-0.000006,3.141588)
rotation.2 = (0.701210,0.286045,-0.653057,2.395233)
rotation.3 = (0.566731,-0.465686,0.679671,2.054585)
connection_point.1-2 = (-2.740331,-0.954296,-0.000081)
connection_point.2-1 = (-0.423949,0.147272,-0.004910)
connection_point.2-3 = (-9.741728,-2.933924,-1.367735)
connection_point.3-2 = (-2.740331,0.954296,0.000081)

[Interaction: CLD-C1-III, ChainSpring]
type = chainspring
elements = {1,2|2,3}
parameters = (0.89,15.2,0.033*4.184/60.221,0.033*4.184/60.221,0.36,2.1,0.0038,0.18)

